1
L0001
1 0.5 2 1
        1 1 1 0 1 0.505 0

2
L0002
1 0.49 2 1
        3 1 1 0 1 0.502 0

3
M011
1 0.49 2 0
    0  2  0

4
M012
1 0.48 2 0
    0  2  0

5
M013
1 0.47 2 0
    0  2  0

6
M014
1 0.47 2 0
    0  2  0

7
L0003
1 0.46 2 2
        1 1 1 0 1 0.509 0
        3 1 1 0 0 0.509 1

8
L0004
1 0.45 2 1
        3 1 1 0 1 0.502 0

9
M015
1 0.45 2 0
    0  2  0

10
M016
1 0.44 2 0
    0  2  0

11
L0005
1 0.43 2 2
        1 1 1 0 1 0.509 0
        3 1 1 0 0 0.509 1

12
M017
1 0.43 2 0
    0  2  0

13
L0006
1 0.42 2 1
        3 1 1 0 1 0.498 0

14
M018
1 0.41 2 0
    0  2  0

15
M019
1 0.41 2 0
    0  2  0

16
M0110
1 0.4 2 0
    0  2  0

17
L0007
1 0.39 2 2
        1 1 1 0 1 0.51 0
        3 1 1 0 0 0.51 1

18
M0111
1 0.39 2 0
    0  2  0

19
L0008
1 0.38 2 1
        3 1 1 0 1 0.494 0

20
M0112
1 0.38 2 0
    0  2  0

21
M0113
1 0.37 2 0
    0  2  0

22
L0009
1 0.36 2 1
        1 1 1 0 1 0.492 0

23
L00010
1 0.36 2 2
        1 1 1 0 1 0.5 0
        3 1 1 0 0 0.5 1

24
L00011
1 0.35 2 2
        1 1 1 0 1 0.504 0
        3 1 1 0 0 0.504 1

25
M0114
1 0.35 2 0
    0  2  0

26
L00012
1 0.34 2 1
        1 1 2 1

27
L00013
1 0.33 2 1
        3 1 1 0 1 0.503 0

28
L00014
1 0.33 2 1
        3 1 1 0 1 0.522 0

29
M0115
1 0.32 2 0
    0  2  0

30
M0116
1 0.32 2 0
    0  2  0

31
M0117
1 0.31 2 0
    0  2  0

32
L00015
1 0.31 2 1
        3 1 1 0 1 0.528 0

33
L00016
1 0.3 2 2
        1 1 1 0 1 0.503 0
        3 1 1 0 0 0.503 1

34
M0118
1 0.3 2 0
    0  2  0

35
M0119
1 0.29 2 0
    0  2  0

36
L00017
1 0.28 2 1
        3 1 1 0 1 0.511 0

37
L00018
1 0.28 2 1
        3 1 1 0 1 0.496 0

38
M0120
1 0.27 2 0
    0  2  0

39
L00019
1 0.27 2 2
        1 1 1 0 1 0.492 0
        3 1 1 0 0 0.492 1

40
M0121
1 0.26 2 0
    0  2  0

41
L00020
1 0.26 2 1
        3 1 1 0 1 0.499 0

42
L00021
1 0.25 2 1
        3 1 1 0 1 0.498 0

43
L00022
1 0.25 2 1
        3 1 1 0 1 0.484 0

44
L00023
1 0.24 2 1
        1 1 1 0 1 0.51 0

45
M0122
1 0.24 2 0
    0  2  0

46
M0123
1 0.23 2 0
    0  2  0

47
M0124
1 0.23 2 0
    0  2  0

48
L00024
1 0.23 2 1
        3 1 1 0 1 0.502 0

49
L00025
1 0.22 2 1
        2 1 1 0 1 0.508 0

50
M0125
1 0.22 2 0
    0  2  0

51
L00026
1 0.21 2 1
        3 1 1 0 1 0.503 0

52
M0126
1 0.21 2 0
    0  2  0

53
L00027
1 0.2 2 2
        1 1 1 0 1 0.492 0
        3 1 1 0 0 0.492 1

54
M0127
1 0.2 2 0
    0  2  0

55
M0128
1 0.19 2 0
    0  2  0

56
M0129
1 0.19 2 0
    0  2  0

57
L00028
1 0.19 2 1
        1 1 1 0 1 0.491 0

58
M0130
1 0.18 2 0
    0  2  0

59
M0131
1 0.18 2 0
    0  2  0

60
L00029
1 0.17 2 1
        3 1 1 0 1 0.496 0

61
L00030
1 0.17 2 1
        1 1 2 1

62
L00031
1 0.16 2 1
        3 1 1 0 1 0.5 0

63
L00032
1 0.16 2 1
        1 1 2 1

64
L00033
1 0.16 2 1
        3 1 1 0 1 0.475 0

65
L00034
1 0.15 2 1
        3 1 1 0 1 0.5 0

66
M0132
1 0.15 2 0
    0  2  0

67
M0133
1 0.15 2 0
    0  2  0

68
L00035
1 0.14 2 1
        3 1 1 0 1 0.485 0

69
M0134
1 0.14 2 0
    0  2  0

70
M0135
1 0.13 2 0
    0  2  0

71
L00036
1 0.13 2 1
        3 1 1 0 1 0.503 0

72
M0136
1 0.13 2 0
    0  2  0

73
L00037
1 0.12 2 1
        1 1 1 0 1 0.514 0

74
M0137
1 0.12 2 0
    0  2  0

75
L00038
1 0.12 2 1
        3 1 1 0 1 0.499 0

76
M0138
1 0.11 2 0
    0  2  0

77
L00039
1 0.11 2 1
        1 1 1 0 1 0.505 0

78
L00040
1 0.11 2 1
        3 1 1 0 1 0.492 0

79
M0139
1 0.1 2 0
    0  2  0

80
L00041
1 0.1 2 1
        1 1 2 1

81
M0140
1 0.1 2 0
    0  2  0

82
M0141
1 0.1 2 0
    0  2  0

83
L00042
1 0.09 2 2
        1 1 1 0 1 0.497 0
        3 1 1 0 0 0.497 1

84
M0142
1 0.09 2 0
    0  2  0

85
M0143
1 0.09 2 0
    0  2  0

86
M0144
1 0.08 2 0
    0  2  0

87
M0145
1 0.08 2 0
    0  2  0

88
M0146
1 0.08 2 0
    0  2  0

89
M0147
1 0.08 2 0
    0  2  0

90
L00043
1 0.07 2 2
        1 1 1 0 1 0.513 0
        3 1 1 0 0 0.513 1

91
L00044
1 0.07 2 1
        3 1 1 0 1 0.502 0

92
L00045
1 0.07 2 1
        2 1 1 0 1 0.507 0

93
M0148
1 0.07 2 0
    0  2  0

94
L00046
1 0.06 2 1
        1 1 2 1

95
L00047
1 0.06 2 1
        3 1 1 0 1 0.483 0

96
M0149
1 0.06 2 0
    0  2  0

97
M0150
1 0.06 2 0
    0  2  0

98
L00048
1 0.06 2 1
        1 1 1 0 1 0.48 0

99
M0151
1 0.05 2 0
    0  2  0

100
L00049
1 0.05 2 2
        1 1 1 0 1 0.481 0
        3 1 1 0 0 0.481 1

101
L00050
1 0.05 2 2
        1 1 1 0 1 0.504 0
        3 1 1 0 0 0.504 1

102
M0152
1 0.05 2 0
    0  2  0

103
L00051
1 0.06 2 2
        1 1 1 0 1 0.488 0
        3 1 1 0 0 0.488 1

104
M0153
1 0.06 2 0
    0  2  0

105
M0154
1 0.06 2 0
    0  2  0

106
L00052
1 0.06 2 1
        3 1 1 0 1 0.493 0

107
M0155
1 0.06 2 0
    0  2  0

108
M0156
1 0.07 2 0
    0  2  0

109
M0157
1 0.07 2 0
    0  2  0

110
M0158
1 0.07 2 0
    0  2  0

111
M0159
1 0.07 2 0
    0  2  0

112
M0160
1 0.08 2 0
    0  2  0

113
M0161
1 0.08 2 0
    0  2  0

114
L00053
1 0.08 2 1
        1 1 2 1

115
L00054
1 0.08 2 1
        3 1 1 0 1 0.508 0

116
L00055
1 0.09 2 1
        2 1 1 0 1 0.493 0

117
M0162
1 0.09 2 0
    0  2  0

118
M0163
1 0.09 2 0
    0  2  0

119
L00056
1 0.1 2 1
        3 1 1 0 1 0.514 0

120
L00057
1 0.1 2 1
        3 1 1 0 1 0.496 0

121
M0164
1 0.1 2 0
    0  2  0

122
L00058
1 0.1 2 1
        1 1 2 1

123
M0165
1 0.11 2 0
    0  2  0

124
L00059
1 0.11 2 1
        3 1 1 0 1 0.507 0

125
M0166
1 0.11 2 0
    0  2  0

126
L00060
1 0.12 2 1
        3 1 1 0 1 0.5 0

127
L00061
1 0.12 2 1
        3 1 1 0 1 0.483 0

128
M0167
1 0.12 2 0
    0  2  0

129
L00062
1 0.13 2 2
        1 1 1 0 1 0.49 0
        3 1 1 0 0 0.49 1

130
M0168
1 0.13 2 0
    0  2  0

131
L00063
1 0.13 2 1
        3 1 1 0 1 0.503 0

132
M0169
1 0.14 2 0
    0  2  0

133
M0170
1 0.14 2 0
    0  2  0

134
L00064
1 0.15 2 1
        3 1 1 0 1 0.504 0

135
M0171
1 0.15 2 0
    0  2  0

136
M0172
1 0.15 2 0
    0  2  0

137
M0173
1 0.16 2 0
    0  2  0

138
L00065
1 0.16 2 2
        1 1 1 0 1 0.476 0
        3 1 1 0 0 0.476 1

139
M0174
1 0.16 2 0
    0  2  0

140
L00066
1 0.17 2 2
        1 1 1 0 1 0.51 0
        3 1 1 0 0 0.51 1

141
M0175
1 0.17 2 0
    0  2  0

142
M0176
1 0.18 2 0
    0  2  0

143
L00067
1 0.18 2 1
        2 1 1 0 1 0.506 0

144
L00068
1 0.19 2 1
        2 1 1 0 1 0.493 0

145
L00069
1 0.19 2 1
        3 1 1 0 1 0.498 0

146
L00070
1 0.19 2 1
        1 1 2 1

147
M0177
1 0.2 2 0
    0  2  0

148
L00071
1 0.2 2 1
        3 1 1 0 1 0.499 0

149
M0178
1 0.21 2 0
    0  2  0

150
L00072
1 0.21 2 2
        1 1 1 0 1 0.501 0
        3 1 1 0 0 0.501 1

151
L00073
1 0.22 2 2
        1 1 1 0 1 0.497 0
        3 1 1 0 0 0.497 1

152
L00074
1 0.22 2 1
        3 1 1 0 1 0.49 0

153
L00075
1 0.23 2 1
        1 1 2 1

154
L00076
1 0.23 2 1
        3 1 1 0 1 0.501 0

155
M0179
1 0.23 2 0
    0  2  0

156
M0180
1 0.24 2 0
    0  2  0

157
L00077
1 0.24 2 1
        3 1 1 0 1 0.499 0

158
M0181
1 0.25 2 0
    0  2  0

159
M0182
1 0.25 2 0
    0  2  0

160
L00078
1 0.26 2 1
        3 1 1 0 1 0.48 0

161
M0183
1 0.26 2 0
    0  2  0

162
L00079
1 0.27 2 1
        3 1 1 0 1 0.492 0

163
M0184
1 0.27 2 0
    0  2  0

164
L00080
1 0.28 2 1
        2 1 1 0 1 0.517 0

165
L00081
1 0.28 2 1
        2 1 1 0 1 0.498 0

166
M0185
1 0.29 2 0
    0  2  0

167
M0186
1 0.3 2 0
    0  2  0

168
L00082
1 0.3 2 1
        1 1 1 0 1 0.479 0

169
M0187
1 0.31 2 0
    0  2  0

170
L00083
1 0.31 2 2
        1 1 1 0 1 0.504 0
        3 1 1 0 0 0.504 1

171
M0188
1 0.32 2 0
    0  2  0

172
L00084
1 0.32 2 1
        3 1 1 0 1 0.5 0

173
L00085
1 0.33 2 1
        2 1 1 0 1 0.513 0

174
M0189
1 0.33 2 0
    0  2  0

175
L00086
1 0.34 2 1
        3 1 1 0 1 0.518 0

176
M0190
1 0.35 2 0
    0  2  0

177
M0191
1 0.35 2 0
    0  2  0

178
M0192
1 0.36 2 0
    0  2  0

179
L00087
1 0.36 2 1
        3 1 1 0 1 0.507 0

180
M0193
1 0.37 2 0
    0  2  0

181
L00088
1 0.38 2 1
        3 1 1 0 1 0.513 0

182
M0194
1 0.38 2 0
    0  2  0

183
L00089
1 0.39 2 2
        1 1 1 0 1 0.511 0
        3 1 1 0 0 0.511 1

184
M0195
1 0.39 2 0
    0  2  0

185
L00090
1 0.4 2 1
        3 1 1 0 1 0.494 0

186
L00091
1 0.41 2 1
        3 1 1 0 1 0.484 0

187
L00092
1 0.41 2 1
        2 1 1 0 1 0.5 0

188
L00093
1 0.42 2 1
        1 1 1 0 1 0.514 0

189
L00094
1 0.43 2 1
        3 1 1 0 1 0.491 0

190
L00095
1 0.43 2 1
        1 1 2 1

191
L00096
1 0.44 2 1
        3 1 1 0 1 0.513 0

192
L00097
1 0.45 2 1
        2 1 1 0 1 0.515 0

193
M0196
1 0.45 2 0
    0  2  0

194
M0197
1 0.46 2 0
    0  2  0

195
L00098
1 0.47 2 1
        3 1 1 0 1 0.493 0

196
M0198
1 0.47 2 0
    0  2  0

197
L00099
1 0.48 2 1
        3 1 1 0 1 0.495 0

198
M0199
1 0.49 2 0
    0  2  0

199
M01100
1 0.49 2 0
    0  2  0

200
L000100
1 0.5 2 1
        1 1 1 0 1 0.498 0

