1
L0001
1 0.5 2 1
        3 1 1 0 1 0.494 0

2
L0002
1 0.49 2 1
        3 1 1 0 1 0.506 0

3
L0003
1 0.49 2 1
        3 1 1 0 1 0.509 0

4
L0004
1 0.48 2 1
        3 1 1 0 1 0.501 0

5
L0005
1 0.47 2 1
        1 1 2 1

6
L0006
1 0.47 2 1
        3 1 1 0 1 0.506 0

7
M011
1 0.46 2 0
    0  2  0

8
M012
1 0.45 2 0
    0  2  0

9
M013
1 0.45 2 0
    0  2  0

10
M014
1 0.44 2 0
    0  2  0

11
L0007
1 0.43 2 1
        3 1 1 0 1 0.501 0

12
M015
1 0.43 2 0
    0  2  0

13
M016
1 0.42 2 0
    0  2  0

14
L0008
1 0.41 2 2
        1 1 1 0 1 0.501 0
        3 1 1 0 0 0.501 1

15
M017
1 0.41 2 0
    0  2  0

16
M018
1 0.4 2 0
    0  2  0

17
M019
1 0.39 2 0
    0  2  0

18
L0009
1 0.39 2 2
        1 1 1 0 1 0.502 0
        3 1 1 0 0 0.502 1

19
L00010
1 0.38 2 1
        3 1 1 0 1 0.505 0

20
M0110
1 0.38 2 0
    0  2  0

21
M0111
1 0.37 2 0
    0  2  0

22
M0112
1 0.36 2 0
    0  2  0

23
M0113
1 0.36 2 0
    0  2  0

24
M0114
1 0.35 2 0
    0  2  0

25
L00011
1 0.35 2 1
        3 1 1 0 1 0.515 0

26
L00012
1 0.34 2 1
        3 1 1 0 1 0.493 0

27
M0115
1 0.33 2 0
    0  2  0

28
L00013
1 0.33 2 1
        3 1 1 0 1 0.512 0

29
M0116
1 0.32 2 0
    0  2  0

30
M0117
1 0.32 2 0
    0  2  0

31
M0118
1 0.31 2 0
    0  2  0

32
L00014
1 0.31 2 2
        1 1 1 0 1 0.497 0
        3 1 1 0 0 0.497 1

33
L00015
1 0.3 2 1
        3 1 1 0 1 0.492 0

34
M0119
1 0.3 2 0
    0  2  0

35
M0120
1 0.29 2 0
    0  2  0

36
L00016
1 0.28 2 2
        1 1 1 0 1 0.491 0
        3 1 1 0 0 0.491 1

37
L00017
1 0.28 2 1
        3 1 1 0 1 0.497 0

38
L00018
1 0.27 2 1
        1 1 1 0 1 0.496 0

39
L00019
1 0.27 2 1
        1 1 2 1

40
L00020
1 0.26 2 1
        3 1 1 0 1 0.514 0

41
M0121
1 0.26 2 0
    0  2  0

42
M0122
1 0.25 2 0
    0  2  0

43
L00021
1 0.25 2 1
        3 1 1 0 1 0.495 0

44
L00022
1 0.24 2 1
        3 1 1 0 1 0.493 0

45
L00023
1 0.24 2 2
        1 1 1 0 1 0.514 0
        3 1 1 0 0 0.514 1

46
L00024
1 0.23 2 1
        3 1 1 0 1 0.507 0

47
M0123
1 0.23 2 0
    0  2  0

48
L00025
1 0.23 2 1
        1 1 2 1

49
M0124
1 0.22 2 0
    0  2  0

50
M0125
1 0.22 2 0
    0  2  0

51
L00026
1 0.21 2 2
        1 1 1 0 1 0.503 0
        3 1 1 0 0 0.503 1

52
L00027
1 0.21 2 1
        3 1 1 0 1 0.506 0

53
L00028
1 0.2 2 1
        3 1 1 0 1 0.501 0

54
L00029
1 0.2 2 1
        3 1 1 0 1 0.513 0

55
L00030
1 0.19 2 2
        1 1 1 0 1 0.489 0
        3 1 1 0 0 0.489 1

56
M0126
1 0.19 2 0
    0  2  0

57
M0127
1 0.19 2 0
    0  2  0

58
M0128
1 0.18 2 0
    0  2  0

59
M0129
1 0.18 2 0
    0  2  0

60
L00031
1 0.17 2 1
        3 1 1 0 1 0.504 0

61
L00032
1 0.17 2 1
        1 1 1 0 1 0.514 0

62
L00033
1 0.16 2 1
        3 1 1 0 1 0.516 0

63
L00034
1 0.16 2 2
        1 1 1 0 1 0.509 0
        3 1 1 0 0 0.509 1

64
L00035
1 0.16 2 1
        2 1 1 0 1 0.504 0

65
M0130
1 0.15 2 0
    0  2  0

66
M0131
1 0.15 2 0
    0  2  0

67
L00036
1 0.15 2 1
        1 1 2 1

68
L00037
1 0.14 2 1
        1 1 2 1

69
L00038
1 0.14 2 1
        1 1 2 1

70
M0132
1 0.13 2 0
    0  2  0

71
M0133
1 0.13 2 0
    0  2  0

72
M0134
1 0.13 2 0
    0  2  0

73
M0135
1 0.12 2 0
    0  2  0

74
M0136
1 0.12 2 0
    0  2  0

75
L00039
1 0.12 2 1
        3 1 1 0 1 0.506 0

76
M0137
1 0.11 2 0
    0  2  0

77
L00040
1 0.11 2 2
        1 1 1 0 1 0.501 0
        3 1 1 0 0 0.501 1

78
M0138
1 0.11 2 0
    0  2  0

79
L00041
1 0.1 2 2
        1 1 1 0 1 0.496 0
        3 1 1 0 0 0.496 1

80
L00042
1 0.1 2 1
        3 1 1 0 1 0.499 0

81
M0139
1 0.1 2 0
    0  2  0

82
M0140
1 0.1 2 0
    0  2  0

83
M0141
1 0.09 2 0
    0  2  0

84
M0142
1 0.09 2 0
    0  2  0

85
L00043
1 0.09 2 1
        3 1 1 0 1 0.503 0

86
L00044
1 0.08 2 1
        1 1 1 0 1 0.491 0

87
L00045
1 0.08 2 1
        3 1 1 0 1 0.507 0

88
L00046
1 0.08 2 1
        3 1 1 0 1 0.484 0

89
M0143
1 0.08 2 0
    0  2  0

90
M0144
1 0.07 2 0
    0  2  0

91
L00047
1 0.07 2 1
        1 1 1 0 1 0.511 0

92
L00048
1 0.07 2 2
        1 1 1 0 1 0.498 0
        3 1 1 0 0 0.498 1

93
M0145
1 0.07 2 0
    0  2  0

94
M0146
1 0.06 2 0
    0  2  0

95
L00049
1 0.06 2 2
        1 1 1 0 1 0.488 0
        3 1 1 0 0 0.488 1

96
L00050
1 0.06 2 1
        2 1 1 0 1 0.476 0

97
M0147
1 0.06 2 0
    0  2  0

98
M0148
1 0.06 2 0
    0  2  0

99
M0149
1 0.05 2 0
    0  2  0

100
M0150
1 0.05 2 0
    0  2  0

101
M0151
1 0.05 2 0
    0  2  0

102
L00051
1 0.05 2 2
        1 1 1 0 1 0.485 0
        3 1 1 0 0 0.485 1

103
M0152
1 0.06 2 0
    0  2  0

104
M0153
1 0.06 2 0
    0  2  0

105
M0154
1 0.06 2 0
    0  2  0

106
L00052
1 0.06 2 2
        1 1 1 0 1 0.501 0
        3 1 1 0 0 0.501 1

107
L00053
1 0.06 2 1
        3 1 1 0 1 0.505 0

108
L00054
1 0.07 2 1
        1 1 2 1

109
M0155
1 0.07 2 0
    0  2  0

110
L00055
1 0.07 2 2
        1 1 1 0 1 0.519 0
        3 1 1 0 0 0.519 1

111
L00056
1 0.07 2 1
        3 1 1 0 1 0.495 0

112
M0156
1 0.08 2 0
    0  2  0

113
L00057
1 0.08 2 1
        3 1 1 0 1 0.493 0

114
M0157
1 0.08 2 0
    0  2  0

115
M0158
1 0.08 2 0
    0  2  0

116
L00058
1 0.09 2 1
        2 1 1 0 1 0.506 0

117
M0159
1 0.09 2 0
    0  2  0

118
M0160
1 0.09 2 0
    0  2  0

119
M0161
1 0.1 2 0
    0  2  0

120
M0162
1 0.1 2 0
    0  2  0

121
M0163
1 0.1 2 0
    0  2  0

122
L00059
1 0.1 2 1
        2 1 1 0 1 0.482 0

123
L00060
1 0.11 2 1
        3 1 1 0 1 0.504 0

124
M0164
1 0.11 2 0
    0  2  0

125
L00061
1 0.11 2 1
        3 1 1 0 1 0.494 0

126
M0165
1 0.12 2 0
    0  2  0

127
M0166
1 0.12 2 0
    0  2  0

128
M0167
1 0.12 2 0
    0  2  0

129
L00062
1 0.13 2 1
        3 1 1 0 1 0.496 0

130
M0168
1 0.13 2 0
    0  2  0

131
L00063
1 0.13 2 1
        3 1 1 0 1 0.492 0

132
L00064
1 0.14 2 1
        3 1 1 0 1 0.495 0

133
L00065
1 0.14 2 1
        2 1 1 0 1 0.492 0

134
M0169
1 0.15 2 0
    0  2  0

135
L00066
1 0.15 2 1
        1 1 2 1

136
L00067
1 0.15 2 1
        3 1 1 0 1 0.473 0

137
M0170
1 0.16 2 0
    0  2  0

138
M0171
1 0.16 2 0
    0  2  0

139
L00068
1 0.16 2 1
        3 1 1 0 1 0.511 0

140
M0172
1 0.17 2 0
    0  2  0

141
M0173
1 0.17 2 0
    0  2  0

142
L00069
1 0.18 2 1
        1 1 2 1

143
M0174
1 0.18 2 0
    0  2  0

144
M0175
1 0.19 2 0
    0  2  0

145
L00070
1 0.19 2 1
        2 1 1 0 1 0.505 0

146
L00071
1 0.19 2 1
        1 1 1 0 1 0.511 0

147
M0176
1 0.2 2 0
    0  2  0

148
L00072
1 0.2 2 1
        3 1 1 0 1 0.506 0

149
L00073
1 0.21 2 1
        3 1 1 0 1 0.51 0

150
M0177
1 0.21 2 0
    0  2  0

151
M0178
1 0.22 2 0
    0  2  0

152
L00074
1 0.22 2 1
        2 1 1 0 1 0.494 0

153
M0179
1 0.23 2 0
    0  2  0

154
L00075
1 0.23 2 1
        1 1 1 0 1 0.49 0

155
L00076
1 0.23 2 2
        1 1 1 0 1 0.512 0
        3 1 1 0 0 0.512 1

156
L00077
1 0.24 2 1
        3 1 1 0 1 0.486 0

157
M0180
1 0.24 2 0
    0  2  0

158
L00078
1 0.25 2 1
        1 1 1 0 1 0.499 0

159
M0181
1 0.25 2 0
    0  2  0

160
M0182
1 0.26 2 0
    0  2  0

161
L00079
1 0.26 2 1
        3 1 1 0 1 0.501 0

162
M0183
1 0.27 2 0
    0  2  0

163
L00080
1 0.27 2 1
        3 1 1 0 1 0.503 0

164
L00081
1 0.28 2 1
        2 1 1 0 1 0.502 0

165
M0184
1 0.28 2 0
    0  2  0

166
L00082
1 0.29 2 1
        3 1 1 0 1 0.521 0

167
M0185
1 0.3 2 0
    0  2  0

168
M0186
1 0.3 2 0
    0  2  0

169
L00083
1 0.31 2 1
        3 1 1 0 1 0.51 0

170
L00084
1 0.31 2 1
        3 1 1 0 1 0.51 0

171
L00085
1 0.32 2 1
        3 1 1 0 1 0.501 0

172
M0187
1 0.32 2 0
    0  2  0

173
L00086
1 0.33 2 2
        1 1 1 0 1 0.508 0
        3 1 1 0 0 0.508 1

174
M0188
1 0.33 2 0
    0  2  0

175
L00087
1 0.34 2 1
        1 1 1 0 1 0.495 0

176
M0189
1 0.35 2 0
    0  2  0

177
L00088
1 0.35 2 1
        2 1 1 0 1 0.501 0

178
L00089
1 0.36 2 1
        1 1 1 0 1 0.504 0

179
L00090
1 0.36 2 2
        1 1 1 0 1 0.499 0
        3 1 1 0 0 0.499 1

180
L00091
1 0.37 2 1
        3 1 1 0 1 0.485 0

181
L00092
1 0.38 2 1
        3 1 1 0 1 0.511 0

182
L00093
1 0.38 2 1
        2 1 1 0 1 0.496 0

183
M0190
1 0.39 2 0
    0  2  0

184
M0191
1 0.39 2 0
    0  2  0

185
M0192
1 0.4 2 0
    0  2  0

186
L00094
1 0.41 2 1
        3 1 1 0 1 0.494 0

187
L00095
1 0.41 2 1
        1 1 2 1

188
M0193
1 0.42 2 0
    0  2  0

189
L00096
1 0.43 2 1
        3 1 1 0 1 0.511 0

190
L00097
1 0.43 2 2
        1 1 1 0 1 0.491 0
        3 1 1 0 0 0.491 1

191
M0194
1 0.44 2 0
    0  2  0

192
M0195
1 0.45 2 0
    0  2  0

193
L00098
1 0.45 2 2
        1 1 1 0 1 0.497 0
        3 1 1 0 0 0.497 1

194
M0196
1 0.46 2 0
    0  2  0

195
M0197
1 0.47 2 0
    0  2  0

196
M0198
1 0.47 2 0
    0  2  0

197
M0199
1 0.48 2 0
    0  2  0

198
L00099
1 0.49 2 1
        1 1 1 0 1 0.504 0

199
L000100
1 0.49 2 1
        3 1 1 0 1 0.495 0

200
M01100
1 0.5 2 0
    0  2  0

