1
L0001
1 0.5 2 1
        1 1 1 0 1 0.508 0

2
M011
1 0.49 2 0
    0  2  0

3
L0002
1 0.49 2 1
        1 1 2 1

4
L0003
1 0.48 2 1
        3 1 1 0 1 0.5 0

5
L0004
1 0.47 2 1
        3 1 1 0 1 0.495 0

6
M012
1 0.47 2 0
    0  2  0

7
M013
1 0.46 2 0
    0  2  0

8
L0005
1 0.45 2 2
        1 1 1 0 1 0.496 0
        3 1 1 0 0 0.496 1

9
L0006
1 0.45 2 1
        3 1 1 0 1 0.505 0

10
L0007
1 0.44 2 1
        2 1 1 0 1 0.502 0

11
L0008
1 0.43 2 1
        1 1 1 0 1 0.497 0

12
L0009
1 0.43 2 2
        1 1 1 0 1 0.502 0
        3 1 1 0 0 0.502 1

13
M014
1 0.42 2 0
    0  2  0

14
M015
1 0.41 2 0
    0  2  0

15
M016
1 0.41 2 0
    0  2  0

16
M017
1 0.4 2 0
    0  2  0

17
M018
1 0.39 2 0
    0  2  0

18
M019
1 0.39 2 0
    0  2  0

19
M0110
1 0.38 2 0
    0  2  0

20
M0111
1 0.38 2 0
    0  2  0

21
L00010
1 0.37 2 1
        3 1 1 0 1 0.489 0

22
L00011
1 0.36 2 1
        2 1 1 0 1 0.491 0

23
M0112
1 0.36 2 0
    0  2  0

24
L00012
1 0.35 2 1
        3 1 1 0 1 0.496 0

25
L00013
1 0.35 2 1
        3 1 1 0 1 0.494 0

26
L00014
1 0.34 2 1
        2 1 1 0 1 0.506 0

27
L00015
1 0.33 2 2
        1 1 1 0 1 0.503 0
        3 1 1 0 0 0.503 1

28
L00016
1 0.33 2 1
        3 1 1 0 1 0.485 0

29
L00017
1 0.32 2 2
        1 1 1 0 1 0.496 0
        3 1 1 0 0 0.496 1

30
L00018
1 0.32 2 1
        3 1 1 0 1 0.503 0

31
M0113
1 0.31 2 0
    0  2  0

32
L00019
1 0.31 2 1
        3 1 1 0 1 0.512 0

33
L00020
1 0.3 2 1
        2 1 1 0 1 0.507 0

34
L00021
1 0.3 2 2
        1 1 1 0 1 0.489 0
        3 1 1 0 0 0.489 1

35
L00022
1 0.29 2 1
        3 1 1 0 1 0.501 0

36
L00023
1 0.28 2 1
        1 1 1 0 1 0.495 0

37
M0114
1 0.28 2 0
    0  2  0

38
M0115
1 0.27 2 0
    0  2  0

39
L00024
1 0.27 2 1
        3 1 1 0 1 0.516 0

40
L00025
1 0.26 2 1
        3 1 1 0 1 0.52 0

41
L00026
1 0.26 2 1
        1 1 1 0 1 0.498 0

42
M0116
1 0.25 2 0
    0  2  0

43
L00027
1 0.25 2 1
        1 1 2 1

44
L00028
1 0.24 2 1
        1 1 1 0 1 0.502 0

45
M0117
1 0.24 2 0
    0  2  0

46
L00029
1 0.23 2 1
        3 1 1 0 1 0.498 0

47
L00030
1 0.23 2 2
        1 1 1 0 1 0.5 0
        3 1 1 0 0 0.5 1

48
L00031
1 0.23 2 1
        2 1 1 0 1 0.5 0

49
L00032
1 0.22 2 2
        1 1 1 0 1 0.502 0
        3 1 1 0 0 0.502 1

50
M0118
1 0.22 2 0
    0  2  0

51
M0119
1 0.21 2 0
    0  2  0

52
M0120
1 0.21 2 0
    0  2  0

53
M0121
1 0.2 2 0
    0  2  0

54
L00033
1 0.2 2 1
        1 1 1 0 1 0.496 0

55
L00034
1 0.19 2 1
        2 1 1 0 1 0.509 0

56
L00035
1 0.19 2 1
        2 1 1 0 1 0.509 0

57
M0122
1 0.19 2 0
    0  2  0

58
L00036
1 0.18 2 1
        3 1 1 0 1 0.516 0

59
L00037
1 0.18 2 1
        3 1 1 0 1 0.509 0

60
L00038
1 0.17 2 1
        1 1 1 0 1 0.492 0

61
M0123
1 0.17 2 0
    0  2  0

62
M0124
1 0.16 2 0
    0  2  0

63
M0125
1 0.16 2 0
    0  2  0

64
M0126
1 0.16 2 0
    0  2  0

65
M0127
1 0.15 2 0
    0  2  0

66
M0128
1 0.15 2 0
    0  2  0

67
M0129
1 0.15 2 0
    0  2  0

68
L00039
1 0.14 2 1
        3 1 1 0 1 0.493 0

69
L00040
1 0.14 2 1
        3 1 1 0 1 0.498 0

70
M0130
1 0.13 2 0
    0  2  0

71
L00041
1 0.13 2 2
        1 1 1 0 1 0.49 0
        3 1 1 0 0 0.49 1

72
M0131
1 0.13 2 0
    0  2  0

73
L00042
1 0.12 2 1
        3 1 1 0 1 0.509 0

74
L00043
1 0.12 2 1
        3 1 1 0 1 0.493 0

75
L00044
1 0.12 2 1
        2 1 1 0 1 0.511 0

76
M0132
1 0.11 2 0
    0  2  0

77
M0133
1 0.11 2 0
    0  2  0

78
L00045
1 0.11 2 1
        3 1 1 0 1 0.503 0

79
L00046
1 0.1 2 2
        1 1 1 0 1 0.491 0
        3 1 1 0 0 0.491 1

80
L00047
1 0.1 2 1
        3 1 1 0 1 0.495 0

81
L00048
1 0.1 2 1
        2 1 1 0 1 0.504 0

82
L00049
1 0.1 2 2
        1 1 1 0 1 0.522 0
        3 1 1 0 0 0.522 1

83
M0134
1 0.09 2 0
    0  2  0

84
M0135
1 0.09 2 0
    0  2  0

85
M0136
1 0.09 2 0
    0  2  0

86
M0137
1 0.08 2 0
    0  2  0

87
M0138
1 0.08 2 0
    0  2  0

88
M0139
1 0.08 2 0
    0  2  0

89
M0140
1 0.08 2 0
    0  2  0

90
L00050
1 0.07 2 1
        3 1 1 0 1 0.505 0

91
M0141
1 0.07 2 0
    0  2  0

92
M0142
1 0.07 2 0
    0  2  0

93
M0143
1 0.07 2 0
    0  2  0

94
M0144
1 0.06 2 0
    0  2  0

95
L00051
1 0.06 2 1
        1 1 1 0 1 0.486 0

96
M0145
1 0.06 2 0
    0  2  0

97
L00052
1 0.06 2 1
        1 1 2 1

98
M0146
1 0.06 2 0
    0  2  0

99
M0147
1 0.05 2 0
    0  2  0

100
M0148
1 0.05 2 0
    0  2  0

101
L00053
1 0.05 2 1
        2 1 1 0 1 0.516 0

102
M0149
1 0.05 2 0
    0  2  0

103
L00054
1 0.06 2 1
        1 1 2 1

104
L00055
1 0.06 2 1
        1 1 2 1

105
M0150
1 0.06 2 0
    0  2  0

106
M0151
1 0.06 2 0
    0  2  0

107
M0152
1 0.06 2 0
    0  2  0

108
M0153
1 0.07 2 0
    0  2  0

109
M0154
1 0.07 2 0
    0  2  0

110
L00056
1 0.07 2 1
        3 1 1 0 1 0.496 0

111
M0155
1 0.07 2 0
    0  2  0

112
L00057
1 0.08 2 2
        1 1 1 0 1 0.509 0
        3 1 1 0 0 0.509 1

113
M0156
1 0.08 2 0
    0  2  0

114
M0157
1 0.08 2 0
    0  2  0

115
M0158
1 0.08 2 0
    0  2  0

116
M0159
1 0.09 2 0
    0  2  0

117
L00058
1 0.09 2 1
        3 1 1 0 1 0.492 0

118
L00059
1 0.09 2 2
        1 1 1 0 1 0.5 0
        3 1 1 0 0 0.5 1

119
L00060
1 0.1 2 1
        3 1 1 0 1 0.518 0

120
L00061
1 0.1 2 1
        1 1 1 0 1 0.505 0

121
M0160
1 0.1 2 0
    0  2  0

122
L00062
1 0.1 2 1
        3 1 1 0 1 0.499 0

123
M0161
1 0.11 2 0
    0  2  0

124
L00063
1 0.11 2 1
        3 1 1 0 1 0.506 0

125
L00064
1 0.11 2 1
        3 1 1 0 1 0.498 0

126
L00065
1 0.12 2 1
        1 1 2 1

127
M0162
1 0.12 2 0
    0  2  0

128
L00066
1 0.12 2 2
        1 1 1 0 1 0.493 0
        3 1 1 0 0 0.493 1

129
L00067
1 0.13 2 1
        3 1 1 0 1 0.51 0

130
L00068
1 0.13 2 1
        3 1 1 0 1 0.522 0

131
M0163
1 0.13 2 0
    0  2  0

132
L00069
1 0.14 2 2
        1 1 1 0 1 0.472 0
        3 1 1 0 0 0.472 1

133
M0164
1 0.14 2 0
    0  2  0

134
M0165
1 0.15 2 0
    0  2  0

135
L00070
1 0.15 2 2
        1 1 1 0 1 0.489 0
        3 1 1 0 0 0.489 1

136
M0166
1 0.15 2 0
    0  2  0

137
M0167
1 0.16 2 0
    0  2  0

138
L00071
1 0.16 2 2
        1 1 1 0 1 0.49 0
        3 1 1 0 0 0.49 1

139
M0168
1 0.16 2 0
    0  2  0

140
M0169
1 0.17 2 0
    0  2  0

141
M0170
1 0.17 2 0
    0  2  0

142
M0171
1 0.18 2 0
    0  2  0

143
L00072
1 0.18 2 1
        3 1 1 0 1 0.478 0

144
L00073
1 0.19 2 2
        1 1 1 0 1 0.499 0
        3 1 1 0 0 0.499 1

145
L00074
1 0.19 2 1
        3 1 1 0 1 0.502 0

146
M0172
1 0.19 2 0
    0  2  0

147
L00075
1 0.2 2 1
        3 1 1 0 1 0.496 0

148
M0173
1 0.2 2 0
    0  2  0

149
L00076
1 0.21 2 1
        3 1 1 0 1 0.502 0

150
M0174
1 0.21 2 0
    0  2  0

151
M0175
1 0.22 2 0
    0  2  0

152
M0176
1 0.22 2 0
    0  2  0

153
L00077
1 0.23 2 1
        3 1 1 0 1 0.502 0

154
L00078
1 0.23 2 1
        3 1 1 0 1 0.502 0

155
L00079
1 0.23 2 1
        1 1 2 1

156
M0177
1 0.24 2 0
    0  2  0

157
M0178
1 0.24 2 0
    0  2  0

158
M0179
1 0.25 2 0
    0  2  0

159
M0180
1 0.25 2 0
    0  2  0

160
M0181
1 0.26 2 0
    0  2  0

161
M0182
1 0.26 2 0
    0  2  0

162
M0183
1 0.27 2 0
    0  2  0

163
M0184
1 0.27 2 0
    0  2  0

164
L00080
1 0.28 2 1
        3 1 1 0 1 0.491 0

165
M0185
1 0.28 2 0
    0  2  0

166
M0186
1 0.29 2 0
    0  2  0

167
L00081
1 0.3 2 1
        3 1 1 0 1 0.509 0

168
L00082
1 0.3 2 1
        3 1 1 0 1 0.502 0

169
L00083
1 0.31 2 1
        3 1 1 0 1 0.506 0

170
M0187
1 0.31 2 0
    0  2  0

171
M0188
1 0.32 2 0
    0  2  0

172
M0189
1 0.32 2 0
    0  2  0

173
M0190
1 0.33 2 0
    0  2  0

174
L00084
1 0.33 2 1
        3 1 1 0 1 0.501 0

175
M0191
1 0.34 2 0
    0  2  0

176
L00085
1 0.35 2 1
        3 1 1 0 1 0.492 0

177
L00086
1 0.35 2 1
        3 1 1 0 1 0.497 0

178
L00087
1 0.36 2 1
        1 1 1 0 1 0.511 0

179
L00088
1 0.36 2 1
        3 1 1 0 1 0.51 0

180
M0192
1 0.37 2 0
    0  2  0

181
M0193
1 0.38 2 0
    0  2  0

182
M0194
1 0.38 2 0
    0  2  0

183
L00089
1 0.39 2 1
        1 1 2 1

184
L00090
1 0.39 2 1
        1 1 2 1

185
L00091
1 0.4 2 1
        1 1 2 1

186
M0195
1 0.41 2 0
    0  2  0

187
L00092
1 0.41 2 1
        3 1 1 0 1 0.509 0

188
L00093
1 0.42 2 1
        3 1 1 0 1 0.498 0

189
L00094
1 0.43 2 2
        1 1 1 0 1 0.507 0
        3 1 1 0 0 0.507 1

190
M0196
1 0.43 2 0
    0  2  0

191
L00095
1 0.44 2 1
        3 1 1 0 1 0.497 0

192
M0197
1 0.45 2 0
    0  2  0

193
L00096
1 0.45 2 2
        1 1 1 0 1 0.501 0
        3 1 1 0 0 0.501 1

194
M0198
1 0.46 2 0
    0  2  0

195
L00097
1 0.47 2 2
        1 1 1 0 1 0.502 0
        3 1 1 0 0 0.502 1

196
L00098
1 0.47 2 1
        3 1 1 0 1 0.493 0

197
M0199
1 0.48 2 0
    0  2  0

198
L00099
1 0.49 2 1
        3 1 1 0 1 0.505 0

199
L000100
1 0.49 2 1
        3 1 1 0 1 0.514 0

200
M01100
1 0.5 2 0
    0  2  0

