1
L0001
1 0.5 2 1
        1 1 2 1

2
L0002
1 0.49 2 1
        3 1 1 0 1 0.501 0

3
L0003
1 0.49 2 1
        3 1 1 0 1 0.509 0

4
L0004
1 0.48 2 1
        1 1 1 0 1 0.492 0

5
L0005
1 0.47 2 1
        3 1 1 0 1 0.5 0

6
L0006
1 0.47 2 1
        3 1 1 0 1 0.501 0

7
L0007
1 0.46 2 1
        2 1 1 0 1 0.516 0

8
L0008
1 0.45 2 1
        1 1 1 0 1 0.493 0

9
M011
1 0.45 2 0
    0  2  0

10
M012
1 0.44 2 0
    0  2  0

11
L0009
1 0.43 2 2
        1 1 1 0 1 0.49 0
        3 1 1 0 0 0.49 1

12
L00010
1 0.43 2 1
        1 1 1 0 1 0.497 0

13
M013
1 0.42 2 0
    0  2  0

14
L00011
1 0.41 2 1
        3 1 1 0 1 0.509 0

15
L00012
1 0.41 2 1
        3 1 1 0 1 0.488 0

16
L00013
1 0.4 2 2
        1 1 1 0 1 0.485 0
        3 1 1 0 0 0.485 1

17
M014
1 0.39 2 0
    0  2  0

18
M015
1 0.39 2 0
    0  2  0

19
M016
1 0.38 2 0
    0  2  0

20
M017
1 0.38 2 0
    0  2  0

21
M018
1 0.37 2 0
    0  2  0

22
L00014
1 0.36 2 1
        1 1 1 0 1 0.505 0

23
M019
1 0.36 2 0
    0  2  0

24
M0110
1 0.35 2 0
    0  2  0

25
M0111
1 0.35 2 0
    0  2  0

26
M0112
1 0.34 2 0
    0  2  0

27
M0113
1 0.33 2 0
    0  2  0

28
L00015
1 0.33 2 1
        3 1 1 0 1 0.486 0

29
L00016
1 0.32 2 1
        3 1 1 0 1 0.507 0

30
M0114
1 0.32 2 0
    0  2  0

31
L00017
1 0.31 2 1
        3 1 1 0 1 0.505 0

32
L00018
1 0.31 2 1
        3 1 1 0 1 0.507 0

33
M0115
1 0.3 2 0
    0  2  0

34
L00019
1 0.3 2 2
        1 1 1 0 1 0.509 0
        3 1 1 0 0 0.509 1

35
M0116
1 0.29 2 0
    0  2  0

36
M0117
1 0.28 2 0
    0  2  0

37
M0118
1 0.28 2 0
    0  2  0

38
M0119
1 0.27 2 0
    0  2  0

39
L00020
1 0.27 2 1
        1 1 2 1

40
M0120
1 0.26 2 0
    0  2  0

41
L00021
1 0.26 2 1
        3 1 1 0 1 0.511 0

42
M0121
1 0.25 2 0
    0  2  0

43
L00022
1 0.25 2 1
        3 1 1 0 1 0.497 0

44
M0122
1 0.24 2 0
    0  2  0

45
L00023
1 0.24 2 1
        1 1 2 1

46
M0123
1 0.23 2 0
    0  2  0

47
L00024
1 0.23 2 1
        3 1 1 0 1 0.489 0

48
M0124
1 0.23 2 0
    0  2  0

49
L00025
1 0.22 2 1
        3 1 1 0 1 0.495 0

50
L00026
1 0.22 2 1
        3 1 1 0 1 0.513 0

51
L00027
1 0.21 2 1
        2 1 1 0 1 0.502 0

52
M0125
1 0.21 2 0
    0  2  0

53
L00028
1 0.2 2 1
        1 1 1 0 1 0.513 0

54
L00029
1 0.2 2 1
        3 1 1 0 1 0.508 0

55
M0126
1 0.19 2 0
    0  2  0

56
L00030
1 0.19 2 1
        2 1 1 0 1 0.496 0

57
L00031
1 0.19 2 1
        3 1 1 0 1 0.489 0

58
M0127
1 0.18 2 0
    0  2  0

59
L00032
1 0.18 2 1
        3 1 1 0 1 0.499 0

60
L00033
1 0.17 2 1
        3 1 1 0 1 0.508 0

61
L00034
1 0.17 2 1
        3 1 1 0 1 0.503 0

62
L00035
1 0.16 2 1
        1 1 1 0 1 0.501 0

63
M0128
1 0.16 2 0
    0  2  0

64
L00036
1 0.16 2 1
        3 1 1 0 1 0.514 0

65
M0129
1 0.15 2 0
    0  2  0

66
M0130
1 0.15 2 0
    0  2  0

67
L00037
1 0.15 2 2
        1 1 1 0 1 0.498 0
        3 1 1 0 0 0.498 1

68
L00038
1 0.14 2 1
        2 1 1 0 1 0.512 0

69
M0131
1 0.14 2 0
    0  2  0

70
M0132
1 0.13 2 0
    0  2  0

71
L00039
1 0.13 2 1
        3 1 1 0 1 0.524 0

72
M0133
1 0.13 2 0
    0  2  0

73
M0134
1 0.12 2 0
    0  2  0

74
L00040
1 0.12 2 1
        1 1 2 1

75
M0135
1 0.12 2 0
    0  2  0

76
M0136
1 0.11 2 0
    0  2  0

77
M0137
1 0.11 2 0
    0  2  0

78
M0138
1 0.11 2 0
    0  2  0

79
L00041
1 0.1 2 1
        1 1 2 1

80
L00042
1 0.1 2 1
        1 1 2 1

81
L00043
1 0.1 2 1
        3 1 1 0 1 0.51 0

82
L00044
1 0.1 2 1
        3 1 1 0 1 0.495 0

83
M0139
1 0.09 2 0
    0  2  0

84
L00045
1 0.09 2 1
        2 1 1 0 1 0.507 0

85
M0140
1 0.09 2 0
    0  2  0

86
M0141
1 0.08 2 0
    0  2  0

87
L00046
1 0.08 2 1
        3 1 1 0 1 0.493 0

88
L00047
1 0.08 2 2
        1 1 1 0 1 0.508 0
        3 1 1 0 0 0.508 1

89
L00048
1 0.08 2 1
        3 1 1 0 1 0.498 0

90
L00049
1 0.07 2 1
        2 1 1 0 1 0.517 0

91
L00050
1 0.07 2 2
        1 1 1 0 1 0.5 0
        3 1 1 0 0 0.5 1

92
L00051
1 0.07 2 1
        3 1 1 0 1 0.489 0

93
M0142
1 0.07 2 0
    0  2  0

94
M0143
1 0.06 2 0
    0  2  0

95
M0144
1 0.06 2 0
    0  2  0

96
L00052
1 0.06 2 2
        1 1 1 0 1 0.507 0
        3 1 1 0 0 0.507 1

97
M0145
1 0.06 2 0
    0  2  0

98
L00053
1 0.06 2 2
        1 1 1 0 1 0.485 0
        3 1 1 0 0 0.485 1

99
L00054
1 0.05 2 1
        3 1 1 0 1 0.504 0

100
M0146
1 0.05 2 0
    0  2  0

101
L00055
1 0.05 2 2
        1 1 1 0 1 0.498 0
        3 1 1 0 0 0.498 1

102
M0147
1 0.05 2 0
    0  2  0

103
L00056
1 0.06 2 1
        3 1 1 0 1 0.509 0

104
L00057
1 0.06 2 1
        1 1 2 1

105
L00058
1 0.06 2 1
        3 1 1 0 1 0.493 0

106
M0148
1 0.06 2 0
    0  2  0

107
M0149
1 0.06 2 0
    0  2  0

108
L00059
1 0.07 2 1
        3 1 1 0 1 0.506 0

109
M0150
1 0.07 2 0
    0  2  0

110
L00060
1 0.07 2 2
        1 1 1 0 1 0.486 0
        3 1 1 0 0 0.486 1

111
M0151
1 0.07 2 0
    0  2  0

112
M0152
1 0.08 2 0
    0  2  0

113
M0153
1 0.08 2 0
    0  2  0

114
L00061
1 0.08 2 1
        1 1 2 1

115
L00062
1 0.08 2 1
        1 1 1 0 1 0.505 0

116
L00063
1 0.09 2 2
        1 1 1 0 1 0.488 0
        3 1 1 0 0 0.488 1

117
M0154
1 0.09 2 0
    0  2  0

118
M0155
1 0.09 2 0
    0  2  0

119
L00064
1 0.1 2 1
        1 1 2 1

120
M0156
1 0.1 2 0
    0  2  0

121
L00065
1 0.1 2 1
        1 1 1 0 1 0.5 0

122
L00066
1 0.1 2 1
        3 1 1 0 1 0.51 0

123
L00067
1 0.11 2 1
        3 1 1 0 1 0.486 0

124
L00068
1 0.11 2 1
        3 1 1 0 1 0.503 0

125
M0157
1 0.11 2 0
    0  2  0

126
L00069
1 0.12 2 2
        1 1 1 0 1 0.495 0
        3 1 1 0 0 0.495 1

127
L00070
1 0.12 2 2
        1 1 1 0 1 0.507 0
        3 1 1 0 0 0.507 1

128
L00071
1 0.12 2 1
        3 1 1 0 1 0.519 0

129
L00072
1 0.13 2 1
        3 1 1 0 1 0.517 0

130
M0158
1 0.13 2 0
    0  2  0

131
L00073
1 0.13 2 2
        1 1 1 0 1 0.5 0
        3 1 1 0 0 0.5 1

132
L00074
1 0.14 2 1
        1 1 2 1

133
L00075
1 0.14 2 1
        3 1 1 0 1 0.501 0

134
M0159
1 0.15 2 0
    0  2  0

135
L00076
1 0.15 2 2
        1 1 1 0 1 0.496 0
        3 1 1 0 0 0.496 1

136
L00077
1 0.15 2 1
        2 1 1 0 1 0.508 0

137
L00078
1 0.16 2 2
        1 1 1 0 1 0.49 0
        3 1 1 0 0 0.49 1

138
M0160
1 0.16 2 0
    0  2  0

139
M0161
1 0.16 2 0
    0  2  0

140
M0162
1 0.17 2 0
    0  2  0

141
L00079
1 0.17 2 2
        1 1 1 0 1 0.5 0
        3 1 1 0 0 0.5 1

142
L00080
1 0.18 2 1
        1 1 1 0 1 0.483 0

143
L00081
1 0.18 2 1
        2 1 1 0 1 0.496 0

144
M0163
1 0.19 2 0
    0  2  0

145
M0164
1 0.19 2 0
    0  2  0

146
M0165
1 0.19 2 0
    0  2  0

147
M0166
1 0.2 2 0
    0  2  0

148
L00082
1 0.2 2 2
        1 1 1 0 1 0.491 0
        3 1 1 0 0 0.491 1

149
M0167
1 0.21 2 0
    0  2  0

150
M0168
1 0.21 2 0
    0  2  0

151
M0169
1 0.22 2 0
    0  2  0

152
M0170
1 0.22 2 0
    0  2  0

153
M0171
1 0.23 2 0
    0  2  0

154
M0172
1 0.23 2 0
    0  2  0

155
M0173
1 0.23 2 0
    0  2  0

156
L00083
1 0.24 2 1
        3 1 1 0 1 0.504 0

157
M0174
1 0.24 2 0
    0  2  0

158
M0175
1 0.25 2 0
    0  2  0

159
M0176
1 0.25 2 0
    0  2  0

160
M0177
1 0.26 2 0
    0  2  0

161
M0178
1 0.26 2 0
    0  2  0

162
L00084
1 0.27 2 2
        1 1 1 0 1 0.506 0
        3 1 1 0 0 0.506 1

163
L00085
1 0.27 2 2
        1 1 1 0 1 0.499 0
        3 1 1 0 0 0.499 1

164
L00086
1 0.28 2 1
        3 1 1 0 1 0.498 0

165
L00087
1 0.28 2 1
        3 1 1 0 1 0.497 0

166
L00088
1 0.29 2 1
        3 1 1 0 1 0.506 0

167
M0179
1 0.3 2 0
    0  2  0

168
M0180
1 0.3 2 0
    0  2  0

169
M0181
1 0.31 2 0
    0  2  0

170
M0182
1 0.31 2 0
    0  2  0

171
M0183
1 0.32 2 0
    0  2  0

172
L00089
1 0.32 2 1
        3 1 1 0 1 0.509 0

173
M0184
1 0.33 2 0
    0  2  0

174
L00090
1 0.33 2 1
        2 1 1 0 1 0.51 0

175
L00091
1 0.34 2 1
        3 1 1 0 1 0.5 0

176
M0185
1 0.35 2 0
    0  2  0

177
M0186
1 0.35 2 0
    0  2  0

178
M0187
1 0.36 2 0
    0  2  0

179
L00092
1 0.36 2 1
        2 1 1 0 1 0.498 0

180
M0188
1 0.37 2 0
    0  2  0

181
M0189
1 0.38 2 0
    0  2  0

182
M0190
1 0.38 2 0
    0  2  0

183
M0191
1 0.39 2 0
    0  2  0

184
M0192
1 0.39 2 0
    0  2  0

185
L00093
1 0.4 2 1
        3 1 1 0 1 0.478 0

186
M0193
1 0.41 2 0
    0  2  0

187
L00094
1 0.41 2 1
        3 1 1 0 1 0.519 0

188
M0194
1 0.42 2 0
    0  2  0

189
M0195
1 0.43 2 0
    0  2  0

190
M0196
1 0.43 2 0
    0  2  0

191
M0197
1 0.44 2 0
    0  2  0

192
L00095
1 0.45 2 1
        3 1 1 0 1 0.486 0

193
L00096
1 0.45 2 1
        1 1 1 0 1 0.513 0

194
L00097
1 0.46 2 1
        3 1 1 0 1 0.521 0

195
M0198
1 0.47 2 0
    0  2  0

196
L00098
1 0.47 2 1
        3 1 1 0 1 0.514 0

197
M0199
1 0.48 2 0
    0  2  0

198
L00099
1 0.49 2 1
        3 1 1 0 1 0.507 0

199
L000100
1 0.49 2 1
        3 1 1 0 1 0.502 0

200
M01100
1 0.5 2 0
    0  2  0

